0.064; -2.89515; 1.86592e-08; -1.57087;
0.128; -2.88711; -3.59132e-08; -1.57078;
0.192; -2.87907; -2.22665e-07; -1.57077;
0.256; -2.87103; -4.76365e-07; -1.57077;
0.32; -2.86299; -7.26006e-07; -1.57077;
0.384; -2.85495; -9.44449e-07; -1.57077;
0.448; -2.84692; -1.07481e-06; -1.57079;
0.512; -2.83888; -1.06175e-06; -1.57081;
0.576; -2.83084; -8.81149e-07; -1.57083;
0.64; -2.8228; -5.43147e-07; -1.57085;
0.704; -2.81476; -9.26699e-08; -1.57086;
0.768; -2.80672; 3.99286e-07; -1.57086;
0.832; -2.79869; 8.8002e-07; -1.57086;
0.896; -2.79065; 1.32187e-06; -1.57085;
0.96; -2.78261; 1.66374e-06; -1.57083;
1.024; -2.77457; 1.85544e-06; -1.57081;
1.088; -2.76653; 1.87855e-06; -1.57079;
1.152; -2.75849; 1.75033e-06; -1.57077;
1.216; -2.75046; 1.5212e-06; -1.57077;
1.28; -2.74242; 1.26362e-06; -1.57077;
1.344; -2.73438; 1.02105e-06; -1.57077;
1.408; -2.72634; 8.2635e-07; -1.57078;
1.472; -2.7183; 7.42515e-07; -1.5708;
1.536; -2.71026; 8.14862e-07; -1.57082;
1.6; -2.70222; 1.0557e-06; -1.57084;
1.664; -2.69419; 1.44156e-06; -1.57085;
1.728; -2.68615; 1.91671e-06; -1.57086;
1.792; -2.67811; 2.40888e-06; -1.57086;
1.856; -2.67007; 2.88193e-06; -1.57085;
1.92; -2.66203; 3.29699e-06; -1.57084;
1.984; -2.65399; 3.5914e-06; -1.57082;
2.048; -2.64596; 3.7252e-06; -1.5708;
2.112; -2.63792; 3.69233e-06; -1.57078;
2.176; -2.62988; 3.5222e-06; -1.57077;
2.24; -2.62184; 3.27524e-06; -1.57077;
2.304; -2.6138; 3.02148e-06; -1.57077;
2.368; -2.60576; 2.79083e-06; -1.57077;
2.432; -2.59773; 2.62942e-06; -1.57079;
2.496; -2.58969; 2.59818e-06; -1.5708;
2.56; -2.58165; 2.73139e-06; -1.57082;
2.624; -2.57361; 3.02857e-06; -1.57084;
2.688; -2.56557; 3.45412e-06; -1.57085;
2.752; -2.55753; 3.94287e-06; -1.57086;
2.816; -2.5495; 4.43026e-06; -1.57086;
2.88; -2.54146; 4.8898e-06; -1.57085;
2.944; -2.53342; 5.26861e-06; -1.57084;
3.008; -2.52538; 5.50897e-06; -1.57082;
3.072; -2.5188; 0.000142426; -1.6222;
3.136; -2.51223; 0.000641231; -1.67387;
3.2; -2.5057; 0.00148079; -1.72532;
3.264; -2.49923; 0.00265208; -1.77663;
3.328; -2.49282; 0.00415264; -1.82789;
3.392; -2.4865; 0.00597993; -1.87913;
3.456; -2.48028; 0.00812927; -1.93038;
3.52; -2.47417; 0.0105949; -1.98163;
3.584; -2.46821; 0.01337; -2.03288;
3.648; -2.46239; 0.0164468; -2.08413;
3.712; -2.45674; 0.0198167; -2.13538;
3.776; -2.45127; 0.0234709; -2.18661;
3.84; -2.44599; 0.0274001; -2.23784;
3.904; -2.44092; 0.0315942; -2.28906;
3.968; -2.43607; 0.0360458; -2.34029;
4.032; -2.43146; 0.04074; -2.39151;
4.096; -2.42709; 0.0456644; -2.44274;
4.16; -2.42298; 0.0508063; -2.49398;
4.224; -2.41914; 0.0561523; -2.54523;
4.288; -2.41558; 0.0616859; -2.59651;
4.352; -2.41231; 0.0673923; -2.64781;
4.416; -2.40933; 0.073259; -2.69913;
4.48; -2.40666; 0.0792704; -2.75047;
4.544; -2.4043; 0.0854106; -2.80182;
4.608; -2.40226; 0.0916719; -2.8532;
4.672; -2.40054; 0.0980306; -2.90461;
4.736; -2.39915; 0.10447; -2.95606;
4.8; -2.3981; 0.110975; -3.00758;
4.864; -2.39738; 0.117531; -3.05927;
4.928; -2.397; 0.124128; -3.11144;
4.992; -2.39697; 0.130771; 3.11836;
5.056; -2.39726; 0.138437; 3.10563;
5.12; -2.39755; 0.146467; 3.10601;
5.184; -2.39784; 0.154499; 3.10633;
5.248; -2.39812; 0.162532; 3.1065;
5.312; -2.3984; 0.170565; 3.10657;
5.376; -2.39868; 0.178598; 3.10658;
5.44; -2.39897; 0.186632; 3.10657;
5.504; -2.39925; 0.194666; 3.10656;
5.568; -2.39953; 0.202699; 3.10655;
5.632; -2.39981; 0.210733; 3.10654;
5.696; -2.40009; 0.218767; 3.10655;
5.76; -2.40037; 0.226801; 3.10656;
5.824; -2.40066; 0.234835; 3.10657;
5.888; -2.40094; 0.242868; 3.10658;
5.952; -2.40122; 0.250902; 3.10659;
6.016; -2.4015; 0.258935; 3.10659;
6.08; -2.40178; 0.266969; 3.10658;
6.144; -2.40206; 0.275003; 3.10657;
6.208; -2.40234; 0.283037; 3.10658;
6.272; -2.40263; 0.29107; 3.10659;
6.336; -2.40291; 0.299104; 3.10658;
6.4; -2.40319; 0.307137; 3.10657;
6.464; -2.40347; 0.315171; 3.10656;
6.528; -2.40375; 0.323204; 3.10655;
6.592; -2.40403; 0.331238; 3.10654;
6.656; -2.40431; 0.339272; 3.10654;
6.72; -2.4046; 0.347306; 3.10655;
6.784; -2.40488; 0.355339; 3.10656;
6.848; -2.40516; 0.363373; 3.10657;
6.912; -2.40544; 0.371407; 3.10658;
6.976; -2.40572; 0.37944; 3.10659;
7.04; -2.406; 0.387474; 3.10658;
7.104; -2.40628; 0.395507; 3.10657;
7.168; -2.40657; 0.403541; 3.10657;
7.232; -2.40685; 0.411575; 3.10658;
7.296; -2.40713; 0.419609; 3.10659;
7.36; -2.40741; 0.427642; 3.10658;
7.424; -2.40769; 0.435676; 3.10657;
7.488; -2.40797; 0.443709; 3.10656;
7.552; -2.40825; 0.451743; 3.10655;
7.616; -2.40854; 0.459777; 3.10654;
7.68; -2.40882; 0.467811; 3.10654;
7.744; -2.4091; 0.475844; 3.10655;
7.808; -2.40938; 0.483878; 3.10656;
7.872; -2.40966; 0.491912; 3.10657;
7.936; -2.40994; 0.499945; 3.10658;
8; -2.41023; 0.507979; 3.10659;
8.064; -2.41051; 0.516012; 3.10658;
8.128; -2.41079; 0.524046; 3.10657;
8.192; -2.41107; 0.53208; 3.10657;
8.256; -2.41135; 0.540114; 3.10658;
8.32; -2.41163; 0.548147; 3.10658;
8.384; -2.41191; 0.556181; 3.10657;
8.448; -2.4122; 0.564214; 3.10656;
8.512; -2.41248; 0.572248; 3.10655;
8.576; -2.41276; 0.580282; 3.10654;
8.64; -2.41304; 0.588315; 3.10653;
8.704; -2.41332; 0.596349; 3.10654;
8.768; -2.4136; 0.604383; 3.10655;
8.832; -2.41389; 0.612417; 3.10656;
8.896; -2.41417; 0.62045; 3.10657;
8.96; -2.41445; 0.628484; 3.10658;
9.024; -2.41473; 0.636517; 3.10658;
9.088; -2.41501; 0.644551; 3.10657;
9.152; -2.41529; 0.652585; 3.10656;
9.216; -2.41557; 0.660619; 3.10657;
9.28; -2.41586; 0.668652; 3.10658;
9.344; -2.41614; 0.676686; 3.10657;
9.408; -2.41642; 0.684719; 3.10656;
9.472; -2.4167; 0.692753; 3.10655;
9.536; -2.41698; 0.700786; 3.10654;
9.6; -2.41726; 0.70882; 3.10653;
9.664; -2.41755; 0.716854; 3.10653;
9.728; -2.41783; 0.724888; 3.10654;
9.792; -2.41811; 0.732921; 3.10655;
9.856; -2.41839; 0.740955; 3.10656;
9.92; -2.41867; 0.748989; 3.10657;
9.984; -2.41895; 0.757022; 3.10658;
10.048; -2.41924; 0.765056; 3.10657;
10.112; -2.41952; 0.77309; 3.10656;
10.176; -2.4198; 0.781123; 3.10656;
10.24; -2.42008; 0.789157; 3.10657;
10.304; -2.42036; 0.797191; 3.10658;
10.368; -2.42064; 0.805224; 3.10657;
10.432; -2.42092; 0.813258; 3.10655;
10.496; -2.42121; 0.821291; 3.10654;
10.56; -2.42149; 0.829325; 3.10653;
10.624; -2.42177; 0.837359; 3.10653;
10.688; -2.42205; 0.845393; 3.10653;
10.752; -2.42233; 0.853426; 3.10654;
10.816; -2.42261; 0.86146; 3.10655;
10.88; -2.4229; 0.869494; 3.10656;
10.944; -2.42318; 0.877527; 3.10657;
11.008; -2.42346; 0.885561; 3.10658;
11.072; -2.42374; 0.893594; 3.10656;
11.136; -2.42402; 0.901628; 3.10656;
11.2; -2.4243; 0.909662; 3.10656;
11.264; -2.42459; 0.917696; 3.10657;
11.328; -2.42487; 0.925729; 3.10657;
11.392; -2.42515; 0.933762; 3.10656;
11.456; -2.42543; 0.941796; 3.10655;
11.52; -2.42571; 0.94983; 3.10654;
11.584; -2.42599; 0.957864; 3.10653;
11.648; -2.42628; 0.965897; 3.10652;
11.712; -2.42656; 0.973931; 3.10653;
11.776; -2.42684; 0.981965; 3.10654;
11.84; -2.42712; 0.989999; 3.10655;
11.904; -2.4274; 0.998032; 3.10656;
11.968; -2.42768; 1.00607; 3.10657;
12.032; -2.42797; 1.0141; 3.10657;
12.096; -2.42825; 1.02213; 3.10656;
12.16; -2.42853; 1.03017; 3.10655;
12.224; -2.42881; 1.0382; 3.10656;
12.288; -2.42909; 1.04623; 3.10657;
12.352; -2.42937; 1.05427; 3.10656;
12.416; -2.42965; 1.0623; 3.10655;
12.48; -2.42994; 1.07033; 3.10654;
12.544; -2.43022; 1.07837; 3.10653;
12.608; -2.4305; 1.0864; 3.10652;
12.672; -2.43078; 1.09444; 3.10652;
12.736; -2.43106; 1.10247; 3.10653;
12.8; -2.43135; 1.1105; 3.10654;
12.864; -2.43163; 1.11854; 3.10655;
12.928; -2.43191; 1.12657; 3.10656;
12.992; -2.43219; 1.1346; 3.10657;
13.056; -2.43247; 1.14264; 3.10656;
13.12; -2.43275; 1.15067; 3.10655;
13.184; -2.43303; 1.15871; 3.10655;
13.248; -2.43332; 1.16674; 3.10656;
13.312; -2.4336; 1.17477; 3.10656;
13.376; -2.43388; 1.18281; 3.10655;
13.44; -2.43416; 1.19084; 3.10654;
13.504; -2.43444; 1.19887; 3.10653;
13.568; -2.43472; 1.20691; 3.10652;
13.632; -2.43501; 1.21494; 3.10652;
13.696; -2.43529; 1.22297; 3.10652;
13.76; -2.43557; 1.23101; 3.10653;
13.824; -2.43585; 1.23904; 3.10654;
13.888; -2.43613; 1.24708; 3.10655;
13.952; -2.43642; 1.25511; 3.10656;
14.016; -2.43669; 1.26278; 3.11937;
14.08; -2.43669; 1.26936; -3.11234;
14.144; -2.43633; 1.27594; -3.06052;
14.208; -2.43564; 1.28248; -3.00904;
14.272; -2.43461; 1.28898; -2.95777;
14.336; -2.43325; 1.29542; -2.90656;
14.4; -2.43156; 1.30178; -2.85537;
14.464; -2.42955; 1.30805; -2.80416;
14.528; -2.42722; 1.3142; -2.75294;
14.592; -2.42458; 1.32023; -2.70171;
14.656; -2.42163; 1.32611; -2.65046;
14.72; -2.41839; 1.33184; -2.5992;
14.784; -2.41485; 1.33739; -2.54794;
14.848; -2.41104; 1.34276; -2.49667;
14.912; -2.40695; 1.34792; -2.4454;
14.976; -2.40261; 1.35286; -2.39414;
15.04; -2.39802; 1.35758; -2.34288;
15.104; -2.39319; 1.36205; -2.29163;
15.168; -2.38814; 1.36627; -2.24038;
15.232; -2.38288; 1.37023; -2.18913;
15.296; -2.37742; 1.37391; -2.13787;
15.36; -2.37179; 1.37731; -2.08661;
15.424; -2.36599; 1.38041; -2.03532;
15.488; -2.36004; 1.38322; -1.98401;
15.552; -2.35395; 1.38571; -1.93267;
15.616; -2.34775; 1.38789; -1.8813;
15.68; -2.34144; 1.38975; -1.8299;
15.744; -2.33504; 1.39128; -1.77845;
15.808; -2.32858; 1.39248; -1.72694;
15.872; -2.32207; 1.39334; -1.67537;
15.936; -2.31551; 1.39387; -1.62383;
16; -2.30894; 1.39406; -1.57263;
16.064; -2.3009; 1.39405; -1.57278;
16.128; -2.29287; 1.39406; -1.57316;
16.192; -2.28483; 1.39408; -1.57342;
16.256; -2.27679; 1.39411; -1.57356;
16.32; -2.26875; 1.39413; -1.57363;
16.384; -2.26072; 1.39415; -1.57366;
16.448; -2.25268; 1.39418; -1.57367;
16.512; -2.24464; 1.3942; -1.57367;
16.576; -2.2366; 1.39422; -1.57367;
16.64; -2.22856; 1.39425; -1.57366;
16.704; -2.22052; 1.39427; -1.57364;
16.768; -2.21248; 1.39429; -1.57362;
16.832; -2.20445; 1.39431; -1.5736;
16.896; -2.19641; 1.39434; -1.57359;
16.96; -2.18837; 1.39436; -1.57359;
17.024; -2.18033; 1.39438; -1.57358;
17.088; -2.17229; 1.3944; -1.57359;
17.152; -2.16425; 1.39443; -1.5736;
17.216; -2.15622; 1.39445; -1.57361;
17.28; -2.14818; 1.39447; -1.57364;
17.344; -2.14014; 1.39449; -1.57366;
17.408; -2.1321; 1.39452; -1.57367;
17.472; -2.12406; 1.39454; -1.57365;
17.536; -2.11604; 1.39453; -1.57303;
17.6; -2.108; 1.39455; -1.573;
17.664; -2.09996; 1.39457; -1.57303;
17.728; -2.09193; 1.39458; -1.57305;
17.792; -2.08389; 1.3946; -1.57304;
17.856; -2.07585; 1.39462; -1.57302;
17.92; -2.06781; 1.39464; -1.573;
17.984; -2.05977; 1.39466; -1.57299;
18.048; -2.05173; 1.39467; -1.57299;
18.112; -2.0437; 1.39469; -1.57299;
18.176; -2.03566; 1.39471; -1.57301;
18.24; -2.02762; 1.39473; -1.57302;
18.304; -2.01958; 1.39475; -1.57305;
18.368; -2.01154; 1.39476; -1.57306;
18.432; -2.0035; 1.39478; -1.57308;
18.496; -1.99546; 1.3948; -1.57308;
18.56; -1.98743; 1.39482; -1.57308;
18.624; -1.97939; 1.39484; -1.57307;
18.688; -1.97135; 1.39486; -1.57306;
18.752; -1.96331; 1.39487; -1.57304;
18.816; -1.95527; 1.39489; -1.57302;
18.88; -1.94723; 1.39491; -1.573;
18.944; -1.9392; 1.39493; -1.57299;
19.008; -1.93116; 1.39494; -1.57299;
19.072; -1.92312; 1.39496; -1.57299;
19.136; -1.91508; 1.39498; -1.573;
19.2; -1.90704; 1.395; -1.57301;
19.264; -1.899; 1.39502; -1.57303;
19.328; -1.89097; 1.39503; -1.57305;
19.392; -1.88293; 1.39505; -1.57307;
19.456; -1.87489; 1.39507; -1.57308;
19.52; -1.86685; 1.39509; -1.57308;
19.584; -1.85881; 1.39511; -1.57308;
19.648; -1.85077; 1.39513; -1.57307;
19.712; -1.84274; 1.39514; -1.57305;
19.776; -1.8347; 1.39516; -1.57303;
19.84; -1.82666; 1.39518; -1.57301;
19.904; -1.81862; 1.3952; -1.57299;
19.968; -1.81058; 1.39521; -1.57299;
20.032; -1.80254; 1.39523; -1.57299;
20.096; -1.79451; 1.39525; -1.57299;
20.16; -1.78647; 1.39527; -1.573;
20.224; -1.77843; 1.39529; -1.57302;
20.288; -1.77039; 1.3953; -1.57304;
20.352; -1.76235; 1.39532; -1.57306;
20.416; -1.75431; 1.39534; -1.57307;
20.48; -1.74627; 1.39536; -1.57308;
20.544; -1.73824; 1.39538; -1.57308;
20.608; -1.7302; 1.39539; -1.57307;
20.672; -1.72216; 1.39541; -1.57306;
20.736; -1.71412; 1.39543; -1.57304;
20.8; -1.70608; 1.39545; -1.57302;
20.864; -1.69804; 1.39547; -1.573;
20.928; -1.69001; 1.39548; -1.57299;
20.992; -1.68197; 1.3955; -1.57299;
21.056; -1.67393; 1.39552; -1.57299;
21.12; -1.66589; 1.39554; -1.57299;
21.184; -1.65785; 1.39556; -1.57301;
21.248; -1.64981; 1.39557; -1.57303;
21.312; -1.64178; 1.39559; -1.57305;
21.376; -1.63374; 1.39561; -1.57306;
21.44; -1.6257; 1.39563; -1.57308;
21.504; -1.61766; 1.39565; -1.57308;
21.568; -1.60962; 1.39566; -1.57308;
21.632; -1.60158; 1.39568; -1.57307;
21.696; -1.59355; 1.3957; -1.57306;
21.76; -1.58551; 1.39572; -1.57304;
21.824; -1.57747; 1.39574; -1.57302;
21.888; -1.56943; 1.39575; -1.573;
21.952; -1.56139; 1.39577; -1.57299;
22.016; -1.55335; 1.39579; -1.57299;
